11111111111111111101010011110011100011100010101010001010000011111110001110000110111110101010011011101101110111100000110101110101
67744706553877466985193610638133488104
FC5380D4780BBFBAE920DE3900
77ED657828A3CFD828A6B0C53
-22338170235327863649796
FFFFFFFFFFF57175BB1038270E656D29
-19993122204971502072564182277762613083
11421332408924128
0
1
0
1
0
1
E0286270005404065203481CCC
110010111101110010011111111100110100111000110111111100111111101111101111111111101111111110111100100010111111101111100111101000
11111111111101110001100001001011110000011010111111001011010110100101001000100001101000000011011001011010011110001010011101100001
1101100111101111110001001011010010000101110001001011110010000101111101000111000100101111110001011110101111011111000100000000000
2305842964967234752
111001010000001101000111010000010111101000000001111100111
11110111110010000010100010110010111011101100101001101001001001111101111111101111101001011010000100001111001000000000000000000000
Result OutRange!!!
